36.6581
27.598
44.229
27.7072
38.1158
44.7975
38.119
32.8582
42.1467
39.688
57.7545
41.2939
47.3904
45.1597
36.6029
34.6407
31.3509
50.0897
29.0157
12.7094
30.5472
32.9058
18.8795
38.2764
29.4027
37.6798
36.0692
31.4232
37.111
45.8625
41.3427
30.7676
50.9713
45.3709
34.6555
44.1189
49.1798
38.2399
35.1261
48.6102
25.4621
36.5725
33.381
38.482
53.5157
37.7072
33.9947
34.8431
32.1039
22.8136
28.5248
45.2887
48.1767
25.3561
28.6785
52.5419
39.294
36.2831
51.1203
19.0828
43.1366
37.6706
42.645
26.5583
48.2898
43.0368
24.3217
36.7327
46.6396
35.7484
33.8792
27.9594
36.5372
27.4654
44.8095
37.0292
38.7034
37.1767
37.9803
48.5245
36.3212
50.2706
48.1529
42.0343
39.0486
38.3575
38.9952
20.4087
47.1053
35.6797
46.5369
47.1082
30.8368
38.2038
56.6286
36.66
45.0884
10.9797
50.4361
35.3203
33.1583
33.9349
32.3553
52.8568
46.3966
42.4155
26.1482
43.0754
42.9872
36.5157
29.1132
28.5168
31.1899
46.4212
34.2034
49.1039
34.4473
34.635
33.5831
35.2308
49.0505
42.9436
44.353
50.2194
22.2606
46.2271
38.4625
28.151
53.3627
44.5478
39.2842
36.4127
20.2759
43.2177
61.002
45.3191
19.4679
28.033
17.7689
28.3131
36.3457
35.3051
48.8278
46.3022
56.9493
33.1086
27.7277
40.8479
40.7174
17.8488
36.3541
49.0697
52.5498
34.0914
47.7219
45.4487
40.1227
41.5953
37.8806
35.742
24.0002
39.9417
51.3776
46.0303
30.0265
24.4637
31.712
34.8849
33.1454
30.0073
58.8998
14.3775
40.1895
35.3029
20.8358
45.6202
37.7021
33.1942
40.2061
53.6343
36.0667
35.7003
28.9
40.5198
33.1545
22.9969
40.1018
41.3127
56.4129
32.3895
39.987
24.3026
35.3238
26.0039
46.1932
42.4802
30.7163
45.4463
44.906
45.472
36.6835
38.2422
43.8899
26.7037
25.5456
31.8872
34.8846
34.9375
41.5962
39.1713
36.3952
38.157
36.8553
38.2747
30.8056
38.1121
31.0326
42.8158
35.2613
30.1675
45.3243
20.8787
45.3053
47.5002
36.0933
43.2001
22.9893
35.2392
22.0528
31.9281
39.1596
23.7856
41.7278
44.5487
30.5991
16.823
28.0292
42.9433
22.457
48.47
49.7064
38.1472
48.3354
24.1699
23.5435
38.7883
40.2393
32.9543
31.0487
24.5741
36.1282
23.1178
38.5815
33.8244
41.844
18.952
41.8158
36.9748
43.3622
39.5991
40.5887
49.8696
31.146
35.2229
49.0644
47.7063
32.6726
27.5498
34.2505
33.2172
34.2063
38.4566
36.6675
38.5084
36.6373
44.9374
41.1394
48.6762
26.1209
38.4706
47.6761
61.1633
43.2072
56.3255
45.1935
55.1441
38.8679
10.3402
38.0275
33.0465
57.982
47.216
37.0876
52.4237
36.5976
55.8665
28.2534
46.8017
40.1275
21.0413
-56.2927
-65.1668
-57.2346
-59.6588
-56.2407
-57.8334
-56.9779
-61.8548
-53.1093
-62.0437
-55.0618
-67.0534
-52.2643
-58.8535
-59.6688
-59.6397
-64.185
-67.3423
-61.0029
-57.8834
-66.8264
-57.8697
-52.8825
-57.0667
-58.1361
-55.6761
-59.4463
-57.7441
-60.3252
-57.8395
-50.6488
-62.5078
-56.0774
-55.655
-58.8316
-54.2926
-51.8316
-63.156
-58.8778
-62.3907
-63.5822
-52.2286
-59.0413
-75.5999
-59.4421
-62.1568
-57.1705
-64.7466
-66.9177
-53.3281
-63.6039
-57.2785
-60.7318
-53.4729
-48.6976
-60.06
-61.2007
-53.3896
-62.7671
-60.588
-64.3421
-53.5849
-55.318
-57.8645
-66.565
-58.1293
-56.7216
-53.8236
-64.1674
-59.3506
-53.7093
-55.8831
-63.2202
-64.0286
-62.9671
-55.1789
-61.6824
-59.5735
-67.4381
-51.1991
-62.9773
-64.9214
-63.1504
-47.8652
-53.9805
-57.4434
-58.1999
-65.0585
-55.1174
-56.3576
-53.0813
-52.421
-67.7374
-56.8931
-66.4595
-60.6888
-56.6911
-67.9317
-65.3597
-56.1291
-56.5535
-60.6063
-51.7977
-53.739
-60.9775
-49.7892
-60.861
-57.8824
-62.4127
-61.2243
-57.7335
-54.6811
-55.7234
-50.5356
-64.9724
-60.0698
-62.8811
-62.4189
-56.118
-58.8099
-55.6247
-61.7402
-58.2993
-56.2841
-58.6569
-63.671
-63.4276
-58.6189
-63.5063
-51.4891
-54.2539
-56.8015
-59.9647
-62.3214
-55.9222
-51.2108
-60.0739
-60.1242
-55.2628
-57.166
-52.8029
-63.339
-61.7546
-54.5621
-61.771
-56.3776
-60.3109
-51.9456
-59.3386
-57.4754
-61.5363
-55.7605
-55.6743
-59.5196
-65.7526
-52.9449
-56.0278
-61.4357
-64.0564
-51.6141
-55.8619
-59.8299
-53.4533
-60.3621
-54.4733
-67.3422
-57.0938
-56.9593
-67.5417
-62.4776
-57.8857
-57.3176
-56.2159
-52.599
-62.1563
-60.4038
-59.8985
-51.2629
-55.2407
-63.6452
-60.4637
-61.0281
-61.3496
-58.0888
-56.4049
-65.3262
-60.0022
-65.57
-58.5741
-55.2258
-57.2604
-54.0138
-51.8735
-52.8347
-63.3135
-57.9452
-58.083
-63.7745
-60.0417
-54.8556
-56.2864
-59.8464
-50.2446
-60.9128
-69.5894
-62.2042
-51.7224
-71.6513
-62.3626
-51.0081
-61.5992
-65.87
-54.8806
-52.3257
-67.863
-59.0761
-60.1134
-63.2644
-63.8255
-61.2488
-65.1119
-57.7589
-47.498
-57.2573
-60.6294
-57.0367
-46.7647
-54.7246
-54.6039
-56.5672
-53.2393
-62.4264
-53.1463
-68.3864
-51.8352
-51.8006
-59.1733
-60.1274
-59.9752
-64.2629
-62.3291
-52.428
-59.4151
-62.386
-55.5601
-67.207
-61.9118
-58.4478
-58.1172
-63.1272
-53.2786
-57.9126
-60.9483
-62.2454
-61.636
-58.0198
-58.8223
-58.3918
-64.852
-60.0981
-55.1979
-53.4542
-62.8911
-56.3536
-56.2895
-63.2575
-71.6802
-51.8025
-59.2261
-62.7121
-54.936
-57.1922
-57.9992
-63.0464
-58.1253
-54.1463
-55.3264
-58.7813
-51.3888
-57.2739
-60.5619
-63.8318
-60.0373
-56.5617
-56.4052
-54.9738
-62.7586
-58.4193
-61.8576
-54.0186
-55.4121
-52.9087
-59.3863
-64.1194
-60.1027
-63.9561
-64.1136
-64.8876
-53.635
-65.0306
68.3417
3.0824
25.4155
3.71219
56.3889
52.6429
71.064
12.4321
53.8085
79.316
46.8672
10.5031
58.7137
89.3521
60.3535
33.7093
20.6145
47.9402
5.64514
14.897
58.7392
63.1409
7.62377
70.094
36.7439
76.0388
14.7873
38.309
38.7363
19.4037
27.421
1.01118
51.8251
4.19873
34.4096
34.9032
52.8322
37.1113
2.95872
30.3581
46.0982
54.5082
46.3697
73.9083
44.9154
28.2394
9.27546
16.0235
22.2019
12.0971
50.2419
54.9181
54.6192
7.89116
21.5933
9.60647
59.066
58.5214
76.4206
27.7565
54.9059
57.6205
50.461
42.0701
62.6449
36.8989
43.688
61.5486
27.1178
12.5625
63.146
10.5536
74.1232
30.401
60.89
73.214
27.6396
69.5431
57.9017
69.8755
36.2347
44.1606
62.1059
28.3286
52.9173
48.1621
4.33519
38.8171
39.1391
50.8114
96.3042
47.0891
22.8204
11.0765
34.77
66.7191
39.2233
14.5221
77.3166
7.84215
25.9504
55.4825
50.6761
76.3322
80.6966
44.6666
38.9434
19.7255
9.77885
65.3325
40.035
45.8136
48.324
5.69422
48.8195
53.9871
16.0769
49.6322
34.1677
6.60836
90.8424
25.8035
7.48071
70.2301
12.6611
77.6874
31.1794
2.25165
100.582
37.5361
43.8992
38.653
21.6269
66.8527
98.4971
23.2949
15.5944
24.943
31.4395
23.9481
52.8245
17.3622
29.2125
57.5997
103.709
5.05886
43.1379
43.8584
52.9623
7.0266
12.7053
19.8383
19.5722
62.6617
24.4587
15.0592
30.7462
66.0506
70.9856
27.4737
32.5411
70.4377
17.0259
14.8013
46.9077
31.1186
26.453
21.273
4.88706
58.3962
68.3559
15.5078
31.5846
52.1107
2.74974
9.31982
4.02962
21.7457
72.0141
64.4494
16.1587
47.5441
19.0131
41.7167
12.8152
1.04835
69.0275
5.22215
42.6186
37.4814
11.7628
6.80354
67.3941
10.1064
84.3595
64.7693
40.8938
94.0957
74.389
68.0625
64.5878
31.8924
79.1554
26.0258
23.9345
64.7706
49.3427
1.87627
7.60957
47.8578
38.2822
70.9989
28.8681
7.63297
6.2585
74.2191
27.0073
11.1428
7.23663
2.02981
8.28461
12.7224
73.8643
22.9859
18.432
60.5156
36.0596
67.7979
1.5728
37.2372
30.9518
31.7281
59.3463
42.7538
35.6848
17.2238
12.6958
16.0347
24.3977
94.4853
99.9609
27.8644
79.6325
14.5736
2.52025
67.3643
38.954
51.6565
31.0307
20.5161
72.0432
16.8447
20.7636
49.6965
69.8188
7.50102
65.2579
72.3399
72.9684
75.7415
71.1316
19.4096
48.0011
22.9504
69.1307
14.2836
57.18
40.443
58.3391
6.32466
18.9064
6.29236
14.7495
11.569
20.1584
78.5093
54.1979
90.0381
42.292
41.5954
71.2496
123.014
67.6957
43.5757
11.5904
96.7418
42.4062
-0.149332
9.62455
9.63757
45.9231
32.1687
10.3772
59.8045
75.099
72.6007
31.2349
92.3471
26.6415
22.229
-47.2194
-53.5568
-59.6909
-59.561
-58.2823
-54.3288
-54.9539
-60.1074
-56.254
-51.7362
-53.8024
-51.8378
-63.603
-57.3912
-59.0552
-65.3746
-45.864
-55.6141
-61.1977
-51.7148
-56.8645
-58.3987
-62.1246
-59.0521
-54.6513
-49.833
-58.3181
-60.322
-55.8747
-61.7653
-63.3854
-51.3865
-61.7772
-57.6936
-58.562
-62.3867
-55.3955
-64.8724
-59.3317
-59.1602
-61.3867
-56.5529
-54.5777
-58.6241
-55.7567
-51.4245
-57.1848
-51.1827
-62.7978
-50.323
-56.2997
-63.7669
-62.3708
-53.3711
-61.7826
-60.9058
-66.3418
-57.1613
-55.0011
-53.1918
-60.2144
-59.7096
-59.8456
-56.4103
-59.1107
-59.7511
-59.1807
-52.9943
-54.6074
-62.1076
-60.6415
-60.1333
-61.9659
-59.9599
-55.0287
-56.7009
-58.9235
-50.6968
-59.2378
-61.4982
-51.1252
-61.3119
-55.2895
-55.855
-49.0731
-61.8473
-59.8092
-46.9311
-61.0315
-53.5078
-56.896
-61.4002
-61.1486
-59.5169
-53.0963
-53.6676
-56.6869
-59.4148
-57.6625
-59.5465
-63.8646
-59.4177
-59.3549
-55.5633
-58.1563
-51.3553
-65.0144
-62.0616
-57.4115
-53.4251
-74.8552
-51.8566
-55.2381
-58.7863
-66.3022
-55.9326
-55.6977
-58.0468
-53.1779
-49.2441
-68.1838
-56.107
-60.274
-57.2862
-56.6953
-61.6185
-52.4084
-55.2287
-62.471
-55.5171
-53.7045
-52.0486
-56.6047
-57.011
-58.3176
-60.0751
-60.0766
-61.042
-61.2898
-44.9587
-53.2664
-54.812
-65.191
-53.5345
-60.3053
-54.413
-61.3648
-60.533
-52.6012
-49.2578
-64.0396
-59.1321
-58.142
-55.5883
-59.1213
-59.6208
-55.629
-61.2798
-61.9876
-53.4359
-64.6063
-51.8192
-62.0007
-59.311
-52.3077
-57.219
-58.702
-53.9295
-54.2156
-56.8813
-55.8707
-62.1153
-56.1356
-52.9483
-67.8543
-55.3502
-65.8871
-55.4689
-63.4663
-56.0441
-56.2634
-50.493
-50.59
-57.8837
-61.6039
-51.9079
-54.283
-60.2177
-60.7732
-60.4648
-67.7996
-55.4365
-59.2461
-65.5183
-54.0081
-57.5496
-65.3183
-59.3607
-55.8527
-65.7333
-62.397
-55.9137
-64.6781
-50.7861
-49.6405
-59.133
-59.6251
-57.0305
-60.3903
-59.8242
-57.6435
-61.0539
-61.3486
-55.5621
-58.2991
-56.3395
-61.1844
-60.798
-63.0269
-54.4476
-55.5846
-53.8592
-61.587
-60.4758
-56.4727
-53.7147
-56.1569
-53.7765
-57.248
-52.2647
-58.4717
-57.5464
-56.6013
-63.2344
-62.6556
-53.2633
-64.3262
-59.5457
-61.6733
-58.3388
-63.6259
-68.484
-51.4473
-54.3978
-49.9367
-66.3843
-48.3445
-63.499
-64.7531
-58.188
-55.6063
-57.4597
-49.0836
-61.2183
-54.783
-60.4559
-59.3264
-59.0753
-57.9442
-49.4084
-61.0867
-56.0847
-58.8919
-50.6959
-56.1195
-62.6685
-55.9078
-52.2405
-57.7853
-64.1086
-60.9858
-49.8866
-57.0168
-53.9059
-43.6445
-63.3613
-62.7545
-56.0864
-60.6439
-50.1773
-52.4338
-59.7132
-62.6736
-63.2684
-63.4963
-50.8412
-51.7663
-48.361
-49.0805
-62.792
-62.3889
-53.7604
-55.4025
-52.7103
-61.5967
-51.8504
-57.1049
-55.4259
-57.2884
-59.5462
53.1009
34.3809
48.91
69.0054
53.1673
51.6569
72.5351
46.5675
31.259
65.722
34.1363
52.9206
49.329
62.0808
59.4715
57.8621
56.1793
37.7902
53.2301
61.2365
66.5447
46.2208
47.3028
72.4376
70.8927
57.525
63.362
60.3623
56.96
57.8177
57.2867
21.066
49.5655
53.4182
60.3969
52.2578
53.0108
68.8545
54.1596
72.3493
51.1674
46.4823
42.0296
48.8966
68.8091
37.8545
51.1927
39.2489
66.5393
46.6306
56.2893
47.1183
47.2311
48.0525
47.3105
60.7024
36.8185
58.0864
46.793
52.5446
55.6328
60.6273
52.9335
54.6042
67.2732
60.5757
52.2836
36.1085
53.0547
41.5383
70.3366
58.9012
60.8429
62.2567
66.1289
49.683
78.9288
60.4954
44.1727
62.7902
48.371
69.3818
41.6896
63.4422
61.2386
41.0459
53.1801
49.3613
50.7925
43.3451
32.185
51.0712
52.0701
47.6563
40.4236
73.0316
44.269
51.6728
79.9639
44.0684
51.2487
46.0504
41.5742
58.55
54.6781
46.8557
54.1121
54.2875
49.0105
56.8985
46.3747
42.8847
57.0196
54.1804
56.357
57.8125
49.0508
38.997
51.887
43.8754
60.2789
60.451
45.4325
54.4725
58.8491
37.085
60.2888
55.6735
53.9339
69.6439
54.0488
59.3623
51.5466
61.6229
70.5397
50.0009
58.618
66.0527
72.5732
58.5534
59.1746
68.2974
48.3126
58.9266
50.3128
59.5485
49.2551
32.9964
55.9781
50.352
59.9355
49.3573
46.5482
60.6907
61.3567
54.6491
64.3921
57.6739
68.0413
56.784
76.3173
57.9221
51.96
46.5572
41.3663
67.4082
77.0667
55.1104
52.3912
59.5099
53.5246
52.9088
56.6885
49.0614
38.6401
50.8929
67.3959
51.3032
37.0962
41.9526
59.1968
47.8651
35.9424
48.1662
55.5042
30.2943
63.2336
48.6067
30.118
60.4204
57.5457
36.3838
60.4325
47.3907
50.7607
65.7709
44.8349
60.5793
63.77
55.8303
47.7822
72.5656
56.1288
40.4089
39.1916
28.5991
34.623
44.8939
60.4194
51.377
57.318
70.479
50.5604
56.6226
49.6778
58.181
54.2694
61.7235
62.3575
46.6486
43.5268
46.0572
77.3906
61.5815
77.4765
37.9785
50.3767
68.6005
35.6459
59.087
53.8902
46.2345
55.2257
65.6773
59.0963
49.8408
56.9922
65.2255
53.5122
63.8345
62.7104
45.6259
48.411
42.5261
43.067
56.1964
40.0563
48.0225
56.2658
55.9264
50.5702
59.7675
54.1912
50.9726
61.1902
49.0545
52.6324
44.6733
53.3059
57.6343
43.6901
70.2987
57.7023
47.891
37.2448
55.4707
53.3438
45.6479
52.6507
47.3767
57.4774
41.4726
74.2704
56.1952
71.9912
56.7445
59.8688
50.8678
54.9914
53.4845
45.2791
63.7698
49.3573
58.1803
57.6667
43.4077
70.8112
49.496
51.2726
35.7108
70.5049
70.1549
56.5773
46.4178
59.4336
57.557
44.2321
62.9769
32.5217
51.8059
